[[0, 549.17, 482.51, 430.34, 424.38, 515.73, 1249.49, 1075.8, 983.47, 1109.99, 1331.45], [549.17, 0, 485.69, 134.46, 261.02, 184.82, 709.65, 546.35, 435.0, 569.11, 782.31], [482.51, 485.69, 0, 376.48, 228.35, 310.51, 1122.06, 808.84, 799.6, 987.76, 1135.66], [430.34, 134.46, 376.48, 0, 148.92, 131.89, 842.28, 646.75, 556.63, 701.76, 907.05], [424.38, 261.02, 228.35, 148.92, 0, 111.36, 936.49, 680.04, 627.83, 797.8, 976.78], [515.73, 184.82, 310.51, 131.89, 111.36, 0, 827.74, 571.62, 516.72, 689.84, 865.43], [1249.49, 709.65, 1122.06, 842.28, 936.49, 827.74, 0, 416.71, 327.33, 140.55, 187.93], [1075.8, 546.35, 808.84, 646.75, 680.04, 571.62, 416.71, 0, 184.9, 342.98, 347.5], [983.47, 435.0, 799.6, 556.63, 627.83, 516.72, 327.33, 184.9, 0, 207.59, 351.14], [1109.99, 569.11, 987.76, 701.76, 797.8, 689.84, 140.55, 342.98, 207.59, 0, 262.91], [1331.45, 782.31, 1135.66, 907.05, 976.78, 865.43, 187.93, 347.5, 351.14, 262.91, 0]]
