0 77 110 88 97 190 150 160 160
77 0 92 36 45 160 97 120 140
110 92 0 85 72 90 81 63 63 
88 36 85 0 20 140 82 100 110
97 45 72 20 0 120 69 91 98
190 160 90 140 120 0 91 73 15
150 97 81 82 69 91 0 21 64
160 120 63 100 91 73 21 0 46
160 140 63 110 98 15 64 46 0